300364
600066
301085
003000
688327
831152
603083
300895
300846
603909
603222
002261
301039
000860
688310
300964
605020
300049
601858
300833
600211
601965
603379
300603
688117
601566
603589
300084
300678
600761
301033
601698
688229
601226
000065
600861
603711
300042
601512
601800
688425
688076
603611
600780
600532
603211
688418
300778
002728
300848
603811
603776
300404
601798
300229
000425
002544
603871
600559
300972
002946
688182
002219
300406
605300
300738
603896
600475
603269
600320
601728
002215
603983
600072
688566
603507
600817
688039
603126
603908
301191
001323
300423
300374
600462
300342
834033
832735
603860
688466
600666
301073
002719
603277
000928
688426
603300
601606
301070
300159
605016
603661
002769
300766
002942
603186
002167
688038
600118
600363
002808
600011
300309
688611
688316
300449
688004
688787
603966
688302
600552
002796
688020
688517
600449
002574
301159
300977
688387
603848
600498
603019
002086
300113
300912
002835
002792
002877
300002
688227
300533
300322
300548
300520
300394
300491
300340
603918
300474
688228
603200
300044
600301
300079
603042
605398
300484
300317
688086
301059
002354
688555
300779
600100
300089
002281
300781
605305
600136
688256
300459
002955
300624
002649
001255
872808
601360
300250
002112
002882
688049
002362
688365
688619
300344
301205
300418
000977
002229
300570
688292
